aleatorio
0.16129032258064516
0.2903225806451613
0.9354838709677419
0.03225806451612903
0.6774193548387096
0.8064516129032258
0.41935483870967744
0.5483870967741935
0.16129032258064516
0.2903225806451613
0.9354838709677419
0.03225806451612903
0.6774193548387096
0.8064516129032258
0.41935483870967744
0.5483870967741935
0.16129032258064516
0.2903225806451613
0.9354838709677419
0.03225806451612903
0.6774193548387096
0.8064516129032258
0.41935483870967744
0.5483870967741935
0.16129032258064516
0.2903225806451613
0.9354838709677419
0.03225806451612903
0.6774193548387096
0.8064516129032258
0.41935483870967744
0.5483870967741935
0.16129032258064516
0.2903225806451613
0.9354838709677419
0.03225806451612903
0.6774193548387096
0.8064516129032258
0.41935483870967744
0.5483870967741935
0.16129032258064516
0.2903225806451613
0.9354838709677419
0.03225806451612903
0.6774193548387096
0.8064516129032258
0.41935483870967744
0.5483870967741935
0.16129032258064516
0.2903225806451613
