aleatorio
0.3434343434343434
0.23232323232323232
0.21212121212121213
0.24242424242424243
0.9393939393939394
0.2727272727272727
0.5050505050505051
0.7171717171717171
0.9595959595959596
0.8888888888888888
0.15151515151515152
0.6565656565656566
0.36363636363636365
0.31313131313131315
0.1919191919191919
0.3434343434343434
1.0
0.35353535353535354
0.6666666666666666
0.8585858585858586
0.1919191919191919
0.18181818181818182
0.5353535353535354
0.1919191919191919
0.04040404040404041
0.23232323232323232
0.41414141414141414
0.9494949494949495
0.13131313131313133
0.1717171717171717
